Maze: 0
Runs: 1
SuccessRate: 1.0
CrashRate: 0.0
AverageTimout: [6.8185811042785645]

Maze: 1
Runs: 4
SuccessRate: 0.5
CrashRate: 0.5
AverageTimout: [16.782859086990356, 0.00029397010803222656]

