Maze: 0
Runs: 1
SuccessRate: 1.0
CrashRate: 0.0
AverageTimout: 2.84387397766

Maze: 1
Runs: 8
SuccessRate: 0.5
CrashRate: 0.5
AverageTimout: 2.00038444996

Overall:
Runs: 4.5
SuccessRate: 0.75
CrashRate: 0.25
AverageTimout: 2.42212921381

