Maze: 0
Runs: 2
SuccessRate: 0.5
CrashRate: 0.5
AverageTimout: 1.78369808197

Maze: 1
Runs: 2
SuccessRate: 1.0
CrashRate: 0.0
AverageTimout: 2.43971455097

